H2 at 0.74 Angstrom
  parameters        : 3
  optimiser steps   : 86
  start energy (HF) : -1.116759 Ha
  final VQE energy  : -1.137284 Ha
  exact energy      : -1.137284 Ha
  error             : 0.0003 mHa

  R (A)    E_HF        E_exact     E_VQE       error (mHa)  steps
   0.40  -0.904361  -0.914150  -0.914148      0.0013     81
   0.50  -1.042996  -1.055160  -1.055158      0.0018     81
   0.60  -1.101128  -1.116286  -1.116286      0.0001     84
   0.70  -1.117349  -1.136189  -1.136188      0.0013     87
   0.80  -1.110850  -1.134148  -1.134146      0.0018     86
   0.90  -1.091914  -1.120560  -1.120559      0.0009     88
   1.00  -1.066109  -1.101150  -1.101149      0.0016     91
   1.10  -1.036539  -1.079193  -1.079190      0.0028     87
   1.20  -1.005107  -1.056741  -1.056740      0.0010     93
   1.30  -0.973111  -1.035186  -1.035183      0.0035     92
   1.40  -0.941481  -1.015468  -1.015467      0.0011     93
   1.50  -0.910874  -0.998149  -0.998149      0.0003     99
   1.60  -0.881732  -0.983473  -0.983468      0.0052     95
   1.70  -0.854338  -0.971427  -0.971425      0.0021     95
   1.80  -0.828848  -0.961817  -0.961816      0.0009     99
   1.90  -0.805333  -0.954339  -0.954338      0.0004    103
   2.00  -0.783793  -0.948641  -0.948641      0.0001    106
   2.10  -0.764178  -0.944375  -0.944365      0.0099     97
   2.20  -0.746401  -0.941224  -0.941215      0.0091     99
   2.30  -0.730353  -0.938922  -0.938914      0.0082    101
   2.40  -0.715910  -0.937255  -0.937248      0.0074    103
   2.50  -0.702944  -0.936055  -0.936048      0.0071    104

Geometries within chemical accuracy: 22 of 22
Largest error: 0.0099 mHa
